%YAML:1.0
---
image_width: 960
image_height: 720
distortion_model: "plumb_bob"
camera_matrix:
   rows: 3
   cols: 3
   dt: f
   data: [ 1.39464331e+03, 0., 6.59389404e+02, 0., 1.39676233e+03,
       3.16445160e+02, 0., 0., 1. ]
distortion_coefficients:
   rows: 1
   cols: 5
   dt: f
   data: [ 2.10208427e-02, -2.79910237e-01, -8.62807315e-03,
       1.11833168e-03, 6.65886819e-01 ]
rotation:
   rows: 1
   cols: 9
   dt: f
   data: [ 1.0, 0.0, 0.0 ,0.0, 1.0, 0.0,0.0 ,0.0, 1.0]

p:
   rows: 3
   cols: 4
   dt: f
   data: [  891.148254, 0.000000, 449.250272, 0.000000,
            0.000000, 901.238647, 355.367597, 0.000000,
            0.000000, 0.000000, 1.000000, 0.000000]
